Es 13111311331131 bekannt, 133313333331 III. 33 133 3133333
13133133 331333Ρ3311113313 31311113Β31131133 133 13111333133133
13313313, 1333 3131 Η331313- oder vielmehr Η31133311111 133 Ζ131
133 131 131133 Gange 1313113133 Κ1331311333 13133131 131113333
31311 13 Caino in 03331331133331 331133311333. Woh] 13113 31
3311333131 31133 (11131, 1311 31331331113333311311313311331133
331113133 31 sein, 3131 113 31331133113113, 11111313 11313313 11131
33331131 331 131331111111333 33 11133331 wie 131131; 1313 Wunder
13131, abenner, 331311 113 1311 3313133133 33 3313 3311133, (113
011131331311 1311 1111313 33 11113Ρ1113111 1331133331 1331333 33
113333, 13113113331331Ν311111131 131331 1311311331 331113 velle
Gewalt 331331· Ρ3131311311311 131111 313331113.

Am 19. April 12131) 1333113 31 133 331311131331131 1311-
113133 111111331113313 131, 0111131331311 bekannt, dass 31 313 311-
33313133303331131131311333313313, 133333Η311111133111311311133
11131113131 1311133, 113 1331311333 33111113131 11313313133 131
113 Β31131333 133 heiligen Laudes 111133 3311133, 13113113 313
331, 1330311311 33113131 331131 1313333133 313113131333133313
1131113131 331333113133 331 331113 1333 13 313313 113133313131133
Schneiben desselben 11313133 ²) an 3113 11111331113, Β1331113 331
Ρ1113133 113 11111313 1111 31333 33333111333333311331333131. 13
1131313333 33 1131131130111311(Μ3111.1111241 „Wer 31
3111313131, 131 nehme 3313111311 3313131 13113133131133311“
31313131 31· 11311113133, 333 111313 13111313 zu erwaehen und 133
1331131133 331131133131313, 33111131113331313333113113313133
werde, ihm 11311333 und 133 1131313331 33 13131333, 133 33331
131313113331333 33133311313313113 1113131313 1131111313 1313133333
31 13133333 311333 3). 113 33 3133311331 0111313311111311 131, 3313311
Ν1313133 wie 331333 Β11131 33113133(Μ313.ΧΙΙ, 30), 331 doch

l*

 

